skipping pos_embed...
skipping pos_embed...
<All keys matched successfully>
Captioning:
[['baseball', 'player', 'swinging', 'his', 'bat', 'at', 'home', 'plate', '.']]
[['batter', 'during', 'the', 'game', 'of', 'baseball', 'game', '.']]
[['baseball', 'players', 'are', 'playing', 'baseball', 'in', 'a', 'field', '.']]
Bounding boxes:
[[ 15.665796 134.68234  130.5483   191.906   ]
 [262.4021    69.40819   90.07831  232.37599 ]
 [  0.        94.21238   15.665796  53.524773]
 [ 96.60574   78.54657   44.38643   61.357697]
 [206.26633  223.45518   28.720627  37.859024]
 [259.79114   72.01914   75.71802  229.76505 ]
 [ 97.911224 180.37425  137.07573  140.99214 ]
 [  0.        95.51784   19.582247  53.52481 ]]
Labels:
['person', 'person', 'person', 'person', 'baseball glove', 'person', 'person', 'person']
Keypoint list:
[[0, 0, 0, 0, 0, 0, 0, 0, 0, 0, 176, 125, 198, 117, 168, 145, 237, 157, 0, 0, 261, 167, 180, 184, 205, 183, 173, 208, 204, 210, 0, 0, 0, 0], [0, 0, 0, 0, 0, 0, 0, 0, 0, 0, 0, 0, 0, 0, 0, 0, 0, 0, 0, 0, 0, 0, 0, 0, 0, 0, 0, 0, 0, 0, 0, 0, 0, 0], [0, 0, 0, 0, 0, 0, 0, 0, 0, 0, 0, 0, 0, 0, 0, 0, 0, 0, 0, 0, 0, 0, 0, 0, 0, 0, 0, 0, 0, 0, 0, 0, 0, 0], [0, 0, 0, 0, 0, 0, 0, 0, 0, 0, 0, 0, 0, 0, 0, 0, 0, 0, 0, 0, 0, 0, 0, 0, 0, 0, 0, 0, 0, 0, 0, 0, 0, 0], [0, 0, 0, 0, 0, 0, 0, 0, 0, 0, 0, 0, 0, 0, 0, 0, 0, 0, 0, 0, 0, 0, 0, 0, 0, 0, 0, 0, 0, 0, 0, 0, 0, 0], [0, 0, 0, 0, 0, 0, 0, 0, 0, 0, 0, 0, 0, 0, 0, 0, 0, 0, 0, 0, 0, 0, 0, 0, 0, 0, 0, 0, 0, 0, 0, 0, 0, 0], [0, 0, 0, 0, 0, 0, 0, 0, 0, 0, 0, 0, 0, 0, 0, 0, 0, 0, 0, 0, 0, 0, 0, 0, 0, 0, 0, 0, 0, 0, 0, 0, 0, 0]]
